  0.3800000      0.9688448      0.9430413     -0.7964588    
  0.3900000      0.9691125      0.9426331     -0.7926359    
  0.4000000      0.9688734      0.9421529     -0.7909817    
  0.4100000      0.9686052      0.9416260     -0.7880654    
  0.4200000      0.9684826      0.9410412     -0.7867614    
  0.4300000      0.9683671      0.9405923     -0.7851242    
  0.4400000      0.9679484      0.9400232     -0.7834798    
  0.4500000      0.9679344      0.9395604     -0.7820945    
  0.4600000      0.9676674      0.9389324     -0.7809284    
  0.4700000      0.9675522      0.9385263     -0.7780079    
  0.4800000      0.9672469      0.9379002     -0.7787234    
  0.4900000      0.9669671      0.9373899     -0.7772399    
  0.5000000      0.9665515      0.9367736     -0.7764624    
  0.5100000      0.9664920      0.9363194     -0.7748541    
  0.5200000      0.9663811      0.9358243     -0.7732401    
  0.5300000      0.9661586      0.9352391     -0.7720664    
  0.5400000      0.9659483      0.9347548     -0.7704232    
  0.5500000      0.9657513      0.9342657     -0.7688830    
  0.5600000      0.9652483      0.9336728     -0.7685624    
  0.5700000      0.9653360      0.9332435     -0.7667248    
  0.5800000      0.9650237      0.9327210     -0.7650594    
  0.5900000      0.9648434      0.9321842     -0.7636746    
  0.6000000      0.9647645      0.9317334     -0.7618961    
  0.6100000      0.9644438      0.9311822     -0.7609166    
  0.6200000      0.9643216      0.9308016     -0.7573885    
  0.6300000      0.9641780      0.9302444     -0.7583895    
  0.6400000      0.9639705      0.9297712     -0.7559841    
  0.6500000      0.9636556      0.9292348     -0.7549238    
  0.6600000      0.9635718      0.9288296     -0.7515912    
  0.6700000      0.9634459      0.9283115     -0.7523094    
  0.6799999      0.9632499      0.9278432     -0.7505216    
  0.6900000      0.9631564      0.9273551     -0.7489453    
  0.7000000      0.9629306      0.9269177     -0.7466584    
  0.7100000      0.9627150      0.9264644     -0.7454327    
  0.7200000      0.9626015      0.9260193     -0.7432845    
  0.7300000      0.9624096      0.9255722     -0.7412578    
  0.7400000      0.9622356      0.9250958     -0.7399538    
  0.7500000      0.9619784      0.9246419     -0.7379996    
  0.7600000      0.9618914      0.9241743     -0.7368634    
  0.7700000      0.9615884      0.9236743     -0.7357846    
  0.7800000      0.9614213      0.9232748     -0.7325901    
  0.7900000      0.9612186      0.9227958     -0.7317834    
  0.8000000      0.9610136      0.9223841     -0.7287565    
  0.8099999      0.9609650      0.9219813     -0.7267584    
  0.8200000      0.9606760      0.9215235     -0.7242951    
  0.8300000      0.9605108      0.9210066     -0.7245975    
  0.8400000      0.9601546      0.9204875     -0.7242000    
  0.8500000      0.9600316      0.9200587     -0.7213853    
  0.8600000      0.9600135      0.9197541     -0.7171602    
  0.8700000      0.9598776      0.9192176     -0.7176447    
  0.8800000      0.9595131      0.9187956     -0.7144004    
  0.8900000      0.9595518      0.9183484     -0.7133244    
  0.9000000      0.9593118      0.9179123     -0.7113045    
  0.9100000      0.9592697      0.9174478     -0.7104964    
  0.9200000      0.9588619      0.9169792     -0.7089730    
  0.9300000      0.9586676      0.9165163     -0.7073454    
  0.9400000      0.9586170      0.9161189     -0.7047899    
  0.9500000      0.9585388      0.9156982     -0.7030908    
  0.9600000      0.9582856      0.9151552     -0.7034976    
  0.9700000      0.9581681      0.9147158     -0.7019421    
  0.9800000      0.9580213      0.9142851     -0.7002060    
  0.9900000      0.9578678      0.9138293     -0.6994317    
   1.000000      0.9575121      0.9132866     -0.6995282    
   1.010000      0.9573756      0.9128588     -0.6969669    
   1.020000      0.9573303      0.9124174     -0.6957124    
   1.030000      0.9572922      0.9119735     -0.6946200    
   1.040000      0.9567307      0.9114926     -0.6934571    
   1.050000      0.9568573      0.9110215     -0.6936350    
   1.060000      0.9569094      0.9105914     -0.6913824    
   1.070000      0.9566968      0.9101585     -0.6895088    
   1.080000      0.9566240      0.9096847     -0.6884502    
   1.090000      0.9566178      0.9092147     -0.6879781    
   1.100000      0.9563609      0.9087201     -0.6874577    
   1.110000      0.9563398      0.9083093     -0.6861026    
   1.120000      0.9562057      0.9078366     -0.6851809    
   1.130000      0.9560686      0.9073618     -0.6841946    
   1.140000      0.9560375      0.9069406     -0.6819386    
   1.150000      0.9559002      0.9064080     -0.6838262    
   1.160000      0.9556993      0.9059189     -0.6824711    
   1.170000      0.9557529      0.9054702     -0.6812736    
   1.180000      0.9555588      0.9050156     -0.6806338    
   1.190000      0.9554185      0.9045587     -0.6794214    
   1.200000      0.9554244      0.9040800     -0.6796193    
   1.210000      0.9553468      0.9035931     -0.6790221    
   1.220000      0.9553038      0.9031493     -0.6774399    
   1.230000      0.9552674      0.9027016     -0.6761929    
   1.240000      0.9550191      0.9021388     -0.6782384    
   1.250000      0.9550059      0.9016846     -0.6772835    
   1.260000      0.9548637      0.9012029     -0.6765928    
   1.270000      0.9548284      0.9007385     -0.6760521    
   1.280000      0.9545947      0.9002509     -0.6762356    
   1.290000      0.9545619      0.8998055     -0.6748083    
   1.300000      0.9545267      0.8992976     -0.6756554    
   1.310000      0.9544177      0.8988271     -0.6749637    
   1.320000      0.9543646      0.8983493     -0.6742481    
   1.330000      0.9540055      0.8979138     -0.6735687    
   1.340000      0.9541336      0.8974339     -0.6738725    
   1.350000      0.9539552      0.8969584     -0.6733662    
   1.360000      0.9538583      0.8965006     -0.6728784    
   1.370000      0.9537306      0.8960392     -0.6733721    
   1.380000      0.9536257      0.8956007     -0.6720608    
   1.390000      0.9535713      0.8951340     -0.6720894    
   1.400000      0.9534262      0.8947133     -0.6714360    
   1.410000      0.9532545      0.8942791     -0.6713510    
   1.420000      0.9532686      0.8938526     -0.6707169    
   1.430000      0.9531139      0.8934415     -0.6699560    
   1.440000      0.9529946      0.8930009     -0.6696351    
   1.450000      0.9528440      0.8925533     -0.6691657    
   1.460000      0.9526621      0.8921333     -0.6689215    
   1.470000      0.9525196      0.8917301     -0.6679527    
   1.480000      0.9523790      0.8912954     -0.6675356    
   1.490000      0.9521667      0.8908638     -0.6671764    
   1.500000      0.9520034      0.8904722     -0.6660660    
   1.510000      0.9518524      0.8900485     -0.6661395    
   1.520000      0.9516526      0.8896664     -0.6648440    
   1.530000      0.9514427      0.8892744     -0.6641226    
   1.540000      0.9512272      0.8888783     -0.6633387    
   1.550000      0.9510267      0.8884955     -0.6624162    
   1.560000      0.9508029      0.8881118     -0.6617725    
   1.570000      0.9505660      0.8877428     -0.6607680    
   1.580000      0.9503487      0.8873727     -0.6598333    
   1.590000      0.9501171      0.8870077     -0.6587710    
   1.600000      0.9498650      0.8866485     -0.6578311    
   1.610000      0.9496071      0.8862867     -0.6568533    
   1.620000      0.9493526      0.8859335     -0.6557187    
   1.630000      0.9490982      0.8855860     -0.6545854    
   1.640000      0.9488358      0.8852377     -0.6533906    
   1.650000      0.9485877      0.8848758     -0.6522530    
